6854790828972330242
6855127034134318337
6855144423131516162
6855999094784052482
6856265926996659457
6858150058383215874
6858480088967580930
6858777200011906306
6860659677282290945
6861074876942257410
6861804992165154050
6863303177010171138
6867029511981042945
6869191753111473410
6869646214837685505
6870759084707155202
6873695082642541825
6875600769274416386
6877086536983252226
6877797053846621441
6880821802390555906
6883386694234541313
6884488083190910209
6885517630967401729
6887731453627501826
6889683203855011073
6891412705228360961
6895602687044340994
6894126516414844162
6894395764194266369
6897755417263295745
6900058115274771714
6901842112967363841
6903487775446666498
6903753198843022594
6906084704772984066
6906123972430023937
6908243232912657665
6908598365206908161
6910074022722161922
6910385071342112002
6910572778903063810
6912710911434214658
6914433323532029185
6914899758003916034
6915252061810511106
6881888386458619137
